0812
0910
0592
0193
0522
0445
0038
0908
0433
0854
0748
0743
0239
0145
0947
0498
0939
0379
0705
0797
0247
0623
0452
0171
0182
0013
0867
0774
0077
1041
0663
0694
0995
0126
0415
0318
0361
0786
0575
0255
0503
0636
0968
0350
0213
0280
0263
0059
0533
0918
0427
0846
0753
0229
1021
0604
0398
0482
0570
0653
0651
0736
0868
0468
0883
0322
0890
0375
0822
0212
0703
0176
0155
0267
0339
0063
0980
0202
0917
0308
0710
0851
0752
0758
0317
0132
0729
0602
0973
0525
0788